number;id;nodes_x;nodes_y
0;b0cde567bfea0a8c7b687b96735abf8c;-0.7119506597518921,-0.7362879514694214,-0.713416576385498,-0.6589645743370056;-0.9448980093002319,-0.9676856994628906,-0.8431909084320068,-0.9224687814712524
1;d9949f73cfdedb356e7cdb4a2f6b8d04;-0.7682073712348938,-0.8460791110992432,-0.8719419836997986,-0.7828681468963623;-0.7153418660163879,-0.6117788553237915,-0.6935621500015259,-0.642093300819397
2;77b1546d6bac2f4b8559d9352fe7bfea;-0.10950373113155365,-0.08830896019935608,0.33199867606163025,0.22345726191997528;-0.42788225412368774,-0.4318564236164093,-0.48385363817214966,-0.4449824094772339
3;56c93dedef2216f8f7825a8e91850329;-0.33832478523254395,-0.33722057938575745,-0.05912055820226669,-0.117459736764431;-0.5524256229400635,-0.5653526186943054,-0.5634331703186035,-0.5334190726280212
4;035e8014af3b2ad2e8d3bfe274022b24;-0.955859363079071,-0.8734683990478516,-1.0275405645370483,-0.951694905757904;-1.230062484741211,-1.190467119216919,-1.0121855735778809,-1.1455333232879639
5;c047bc7c37a0ae61001c6eb24c4f47c1;-0.5884065628051758,-0.6289929151535034,-0.5312841534614563,-0.5469416975975037;-0.4856918454170227,-0.5119518041610718,-0.49425840377807617,-0.4429300129413605
6;6992af529f6a75fe99ef9e186c37a071;-0.8483238220214844,-0.9615081548690796,-0.9421817660331726,-0.8620421886444092;-1.0543315410614014,-1.0179624557495117,-0.9297469258308411,-0.9508604407310486
7;d87915a43727885f1c7c527a5302694f;-0.23238126933574677,-0.2605705261230469,0.08396772295236588,0.030693989247083664;-0.6519948244094849,-0.6551599502563477,-0.6600551605224609,-0.666885495185852
8;282efed2bb841d7cc7849c9e7df27a49;-0.7843780517578125,-0.7535463571548462,-0.8095889091491699,-0.773583710193634;-0.6642479300498962,-0.7966519594192505,-0.6492863893508911,-0.680537223815918
9;f49b26ee4f23e301e62b2d7436a8cd21;-1.0834451913833618,-0.8248530626296997,-1.1521555185317993,-1.0551472902297974;-1.0218838453292847,-1.0241893529891968,-0.8883976340293884,-0.9423139095306396
10;8d5f2687cfcbb66953606de67955eaba;-0.15457524359226227,-0.12548813223838806,0.23638968169689178,0.1333765834569931;-0.371988981962204,-0.42791953682899475,-0.4349983334541321,-0.4154910743236542
11;173c57df600f7af12807986ed45bce6e;-0.7631846070289612,-0.8423386812210083,-0.8787922263145447,-0.8220524787902832;-0.321047842502594,-0.2276173233985901,-0.3721439242362976,-0.2407088428735733
12;1156cd42033697f47939b8dfc832fb50;-0.9196681380271912,-0.9065345525741577,-1.0005195140838623,-0.9142899513244629;-1.253702998161316,-1.1892528533935547,-1.0343077182769775,-1.1600639820098877
13;95c4651f24b086902ff0ed0e78c4cee8;-0.5216925740242004,-0.5763424634933472,-0.45867565274238586,-0.46178296208381653;-0.30039483308792114,-0.36270731687545776,-0.37049680948257446,-0.3295784890651703
14;b85e2b94563e2fdff38e88c8a8a49d8a;-0.85212242603302,-0.8458073139190674,-0.9098657965660095,-0.8214234709739685;-1.2679895162582397,-1.1884071826934814,-1.0515772104263306,-1.2007023096084595
15;0d6ba9f401915778a415d5676dd58ab3;-0.8131176829338074,-0.8263088464736938,-0.816556990146637,-0.7541238069534302;-1.0621967315673828,-1.0513664484024048,-0.9223257899284363,-0.9849444031715393
16;839c78ddf7f16baed83bcc31e518d628;-0.05406372249126434,0.054860860109329224,0.526300311088562,0.378863126039505;-0.6896066069602966,-0.7338564395904541,-0.6767485737800598,-0.6729821562767029
17;86d677f24d0973d2553ccf4599ed54bf;0.02584187686443329,0.08116969466209412,0.5885706543922424,0.41872528195381165;-0.16653220355510712,-0.1853274703025818,-0.2793760895729065,-0.19538791477680206
18;24cb31199bbd5090520314a5dedf073a;-0.486777126789093,-0.5438363552093506,-0.375922828912735,-0.36970338225364685;-0.6348561644554138,-0.6702823638916016,-0.6325485706329346,-0.6418631076812744
19;1cdf17f04b50bfbfa3cd111f03de8dfd;-0.38425660133361816,-0.392285019159317,-0.1522972732782364,-0.18675215542316437;-0.6214267611503601,-0.6459614038467407,-0.6190584897994995,-0.6115608215332031
20;9b3f3d0e0767189db422608b1202352f;-0.6372126936912537,-0.7608215808868408,-0.6655073761940002,-0.6489948630332947;-0.5865249633789062,-0.5278365015983582,-0.5815148949623108,-0.5110058188438416
21;3d0d5a6fb1a5ff2b03980aaec5a14022;-0.25539839267730713,-0.377191960811615,-0.0684519037604332,-0.14423902332782745;0.009653497487306595,0.11126244813203812,-0.1420242190361023,0.026396211236715317
22;93e1d29af60652e9a20d2fa7c7450947;-0.5702603459358215,-0.5261348485946655,-0.43687281012535095,-0.44983407855033875;-0.6744927167892456,-0.7804352045059204,-0.6477494835853577,-0.676786482334137
23;e7412a0e43dd7dfe00b41e845f0d82a7;-0.6958894729614258,-0.792892575263977,-0.7862188220024109,-0.7553637623786926;-0.2506229877471924,-0.2130858600139618,-0.3156960606575012,-0.20137710869312286
24;f421fb78134c4ddea980f3c6d5c8a1e8;-0.02338413894176483,0.1048886775970459,0.5945701599121094,0.435038298368454;-0.7255415916442871,-0.7631799578666687,-0.7029886245727539,-0.7009947896003723
25;81d4f127363643e26c7f4a48faf194c6;-1.022992730140686,-0.80121910572052,-1.081117868423462,-0.9967420697212219;-0.945129930973053,-0.9635414481163025,-0.8208627104759216,-0.8583739995956421
26;d9a75321cdb9a284e63c5033fb3d28d9;-0.8858964443206787,-0.9488937854766846,-1.0111000537872314,-0.9408990740776062;-0.8775336146354675,-0.8357463479042053,-0.8001187443733215,-0.7799755334854126
27;53f078ff748024ed4094d97047729e09;-0.8348641395568848,-0.9177738428115845,-0.9355390071868896,-0.8340443968772888;-1.1529719829559326,-1.0632835626602173,-0.9948964715003967,-1.0729289054870605
28;a6a068a075e6d37a96b3922d38cc56b0;-0.43037933111190796,-0.39959201216697693,-0.16946913301944733,-0.2112160474061966;-0.7483078241348267,-0.8058795928955078,-0.7060387134552002,-0.7250910401344299
29;d04baa82e0f807196c45450786d616ab;-0.7489470839500427,-0.773241400718689,-0.7590992450714111,-0.6767657995223999;-1.144378900527954,-1.098677158355713,-0.9833293557167053,-1.1186259984970093
30;8ab022b51f3a0eb6eb1df8b59a24239d;-0.07402144372463226,-0.014057010412216187,0.4402349889278412,0.2967604100704193;-0.374093621969223,-0.4117790162563324,-0.4326454997062683,-0.38107961416244507
31;17948c227da6801974ca93df791f3d0b;-0.9071715474128723,-0.7983608245849609,-0.985960066318512,-0.9097991585731506;-0.609217643737793,-0.6080321073532104,-0.5871762633323669,-0.5467453002929688
32;31a96bffd61f7ac0b86b73592d9eaf68;-0.8068413138389587,-0.8347642421722412,-0.7894492149353027,-0.6905331611633301;-1.2635469436645508,-1.159321904182434,-1.0506634712219238,-1.1394126415252686
33;0d14cc8eb7c6a44c6c52f531773443a7;-0.9103026986122131,-0.8283287286758423,-0.9891484379768372,-0.9056586623191833;-0.967534065246582,-0.9520918130874634,-0.8579874038696289,-0.9023881554603577
34;d76d017db9756c1f38bf537388cae577;-0.4815555214881897,-0.6575722694396973,-0.43691763281822205,-0.40973517298698425;-0.7248035669326782,-0.604602038860321,-0.7140310406684875,-0.6637592911720276
35;db00db2b66a83c72fa1b39fd5520dcb6;-1.0442880392074585,-0.7701773643493652,-1.0673868656158447,-0.9765376448631287;-1.1142181158065796,-1.1126253604888916,-0.9504618644714355,-1.0694353580474854
